-17 -65 -67 -17 -65 -67 -17 -65 -67 -17 -65 -67 55 -17 -65 -67 -17 -65 -67 -17 -65 -67 -17 -65 -67 -17 -65 -67 -17 -65
-67 -17 -65 -67 -17 -65 -67 70 -17 -65 -67 55 -17 -65 -67 -17 -65 -67 -17 -65 -67 -17 -65 -67 55 35 115 -17 -65 -67 -17 
-65 -67 55 -17 -65 -67 -17 -65 -67 -17 -65 -67 57 -17 -65 -67 -17 -65 -67 -17 -65 -67 35 -17 -65 -67 -17 -65 -67 -62 
-118 35 -17 -65 -67 70 -17 -65 -67 -17 -65 -67 -62 -111 -17 -65 -67 -17 -65 -67 -17 -65 -67 -17 -65 -67 -17 -65 -67 -17 
-65 -67 55 57 -17 -65 -67 -17 -65 -67 35 46 -17 -65 -67 70 -17 -65 -67 -17 -65 -67 70 -17 -65 -67 -17 -65 -67 -17 -65 
-67 -17 -65 -67 55 57 -17 -65 -67 -17 -65 -67 -17 -65 -67 -17 -65 -67 -62 -118 -17 -65 -67 46 115 -17 -65 -67 -17 -65 
-67 -17 -65 -67 75 -17 -65 -67 -17 -65 -67 -62 -98 -17 -65 -67 -17 -65 -67 17 -17 -65 -67 55 -17 -65 -67 75 -17 -65 -67 
-41 -118 -17 -65 -67 46 -17 -65 -67 70 115 -17 -65 -67 -17 -65 -67 70 35 115 -17 -65 -67 -17 -65 -67 -17 -65 -67 -17 -65 
-67 35 -17 -65 -67 75 17 -17 -65 -67 -17 -65 -67 -17 -65 -67 -17 -65 -67 -17 -65 -67 55 55 75 46 6 -17 -65 -67 57 -17 
-65 -67 -17 -65 -67 -17 -65 -67 55 -17 -65 -67 -17 -65 -67 -17 -65 -67 35 -17 -65 -67 -17 -65 -67 -17 -65 -67 -17 -65 
-67 -17 -65 -67 70 -17 -65 -67 -17 -65 -67 55 -17 -65 -67 -17 -65 -67 55 35 -17 -65 -67 70 -17 -65 -67 -17 -65 -67 -17 
-65 -67 -17 -65 -67 -17 -65 -67 -17 -65 -67 35 -17 -65 -67 70 -17 -65 -67 -17 -65 -67 -17 -65 -67 -62 -98 -17 -65 -67 70 
-17 -65 -67 -62 -111 -17 -65 -67 -17 -65 -67 57 -17 -65 -67 -17 -65 -67 -17 -65 -67 -17 -65 -67 -17 -65 -67 -17 -65 -67 
-17 -65 -67 -17 -65 -67 -17 -65 -67 -17 -65 -67 -17 -65 -67 -17 -65 -67 70 -17 -65 -67 -17 -65 -67 46 -17 -65 -67 -62 
-111 -17 -65 -67 -17 -65 -67 -17 -65 -67 -17 -65 -67 70 55 -17 -65 -67 -17 -65 -67 75 55 -17 -65 -67 -17 -65 -67 -62 -98 
35 115 -17 -65 -67 -17 -65 -67 -17 -65 -67 -17 -65 -67 46 -17 -65 -67 57 -17 -65 -67 75 -17 -65 -67 -17 -65

-17 -65 -67 -17 -65 -67 -17 -65 -67 -17 -65 -67 55 -17 -65 -67 -17 -65 -67 -17 -65 -67 -17 -65 -67 -17 -65 -67 -17 -65
-67 -17 -65 -67 -17 -65 -67 70 -17 -65 -67 55 -17 -65 -67 -17 -65 -67 -17 -65 -67 -17 -65 -67 55 35 115 -17 -65 -67 -17 
-65 -67 55 -17 -65 -67 -17 -65 -67 -17 -65 -67 57 -17 -65 -67 -17 -65 -67 -17 -65 -67 35 -17 -65 -67 -17 -65 -67 -62 
-118 35 -17 -65 -67 70 -17 -65 -67 -17 -65 -67 -62 -111 -17 -65 -67 -17 -65 -67 -17 -65 -67 -17 -65 -67 -17 -65 -67 -17 
-65 -67 55 57 -17 -65 -67 -17 -65 -67 35 46 -17 -65 -67 70 -17 -65 -67 -17 -65 -67 70 -17 -65 -67 -17 -65 -67 -17 -65 
-67 -17 -65 -67 55 57 -17 -65 -67 -17 -65 -67 -17 -65 -67 -17 -65 -67 -62 -118 -17 -65 -67 46 115 -17 -65 -67 -17 -65 
-67 -17 -65 -67 75 -17 -65 -67 -17 -65 -67 -62 -98 -17 -65 -67 -17 -65 -67 17 -17 -65 -67 55 -17 -65 -67 75 -17 -65 -67 
-41 -118 -17 -65 -67 46 -17 -65 -67 70 115 -17 -65 -67 -17 -65 -67 70 35 115 -17 -65 -67 -17 -65 -67 -17 -65 -67 -17 -65 
-67 35 -17 -65 -67 75 17 -17 -65 -67 -17 -65 -67 -17 -65 -67 -17 -65 -67 -17 -65 -67 55 55 75 46 6 -17 -65 -67 57 -17 
-65 -67 -17 -65 -67 -17 -65 -67 55 -17 -65 -67 -17 -65 -67 -17 -65 -67 35 -17 -65 -67 -17 -65 -67 -17 -65 -67 -17 -65 
-67 -17 -65 -67 70 -17 -65 -67 -17 -65 -67 55 -17 -65 -67 -17 -65 -67 55 35 -17 -65 -67 70 -17 -65 -67 -17 -65 -67 -17 
-65 -67 -17 -65 -67 -17 -65 -67 -17 -65 -67 35 -17 -65 -67 70 -17 -65 -67 -17 -65 -67 -17 -65 -67 -62 -98 -17 -65 -67 70 
-17 -65 -67 -62 -111 -17 -65 -67 -17 -65 -67 57 -17 -65 -67 -17 -65 -67 -17 -65 -67 -17 -65 -67 -17 -65 -67 -17 -65 -67 
-17 -65 -67 -17 -65 -67 -17 -65 -67 -17 -65 -67 -17 -65 -67 -17 -65 -67 70 -17 -65 -67 -17 -65 -67 46 -17 -65 -67 -62 
-111 -17 -65 -67 -17 -65 -67 -17 -65 -67 -17 -65 -67 70 55 -17 -65 -67 -17 -65 -67 75 55 -17 -65 -67 -17 -65 -67 -62 -98 
35 115 -17 -65 -67 -17 -65 -67 -17 -65 -67 -17 -65 -67 46 -17 -65 -67 57 -17 -65 -67 75 -17 -65 -67 -17 -65